$molecule
-3 1
--
1 1
C       -6.56428751      31.57382116       1.57107872
C       -6.32366475      31.74586133       2.92911443
C       -5.21419303      32.50109620       3.39296866
C       -4.34392955      33.07066906       2.47861442
C       -4.54860575      32.92404839       1.07137081
C       -3.66079562      33.51675493       0.13417272
C       -3.91546463      33.32308224      -1.21231503
N       -3.23251023      33.77331635      -2.32710727
C       -3.83778832      33.28070802      -3.47657225
C       -3.44713464      33.45516942      -4.81365112
C       -4.21163012      32.82359240      -5.80077694
C       -5.33312309      32.01825235      -5.46812348
C       -5.72223424      31.83782314      -4.13665047
C       -4.98529114      32.48675952      -3.11030314
C       -5.04615874      32.54415769      -1.66767699
N       -5.93734944      32.04608719      -0.76052694
C       -5.69910977      32.17212358       0.61499092
C       -7.17578151      31.38120545      -1.24737144
H       -7.40408752      30.95639859       1.25872911
H       -7.00455849      31.28024263       3.64454619
H       -5.04817989      32.64309683       4.46058017
H       -3.49530395      33.66661324       2.81896703
H       -2.81109879      34.10922770       0.47946330
H       -2.36251357      34.30365389      -2.29902600
H       -2.55707266      34.02392523      -5.07811671
H       -3.91087163      32.94202627      -6.84383176
H       -5.89526260      31.52179535      -6.26382320
H       -6.56582048      31.18792205      -3.90603830
H       -7.99265483      31.57160480      -0.54465819
H       -7.45332699      31.82781594      -2.20530480
H       -6.99408702      30.30134107      -1.35418783
--
-4 1
P       -7.24582361      25.42524508       5.50351415
O       -7.85794952      24.60586277       6.64665762
O       -8.08767560      25.94403258       4.33601409
O       -6.49088515      26.79903237       6.09079053
C       -5.40001524      26.70987564       7.04795610
C       -4.55298676      27.99125442       6.97325871
O       -3.93688339      28.10968233       5.64342582
C       -5.32162644      29.31780008       7.19261282
O       -4.37310053      30.25944431       7.80211079
C       -5.71059876      29.72431252       5.76371365
C       -4.48926564      29.26650294       4.94430657
N       -4.78225836      28.91488757       3.55427409
C       -5.86901570      28.18680498       3.04625978
N       -5.86509265      28.11267249       1.72088647
C       -4.72561658      28.82251675       1.32667058
C       -4.25311857      29.17676436       0.02300650
O       -4.76477839      28.87631900      -1.09607416
N       -3.09266097      29.98334143       0.08092375
C       -2.46239053      30.38968169       1.25159996
N       -1.32692760      31.13027533       1.11572795
N       -2.90833047      30.07246893       2.47783666
C       -4.03480324      29.31988209       2.45156667
P       -4.80902097      31.86140059       8.10635418
O       -3.90484894      32.30908479       9.25758856
O       -6.33499118      31.97177138       8.16039069
O       -4.36069781      32.64251577       6.68681315
C       -3.11833555      33.39359871       6.55895771
C       -3.38893653      34.89245040       6.36380366
O       -4.02092642      35.10981016       5.05547491
C       -4.32988034      35.54334636       7.41053560
O       -3.80559926      36.87735836       7.68495821
C       -5.68361298      35.58918767       6.67393951
C       -5.23445501      35.89131510       5.23579592
N       -6.18966025      35.52631575       4.18783609
C       -7.40086045      34.83070668       4.29869913
N       -7.98694511      34.61614969       3.12835826
C       -7.12037621      35.18153294       2.18975942
C       -7.15592643      35.16514185       0.75758269
O       -8.02398819      34.62599028       0.01249671
N       -6.04400937      35.83042903       0.19033984
C       -5.00868065      36.41177745       0.91361851
N       -4.03374408      37.03174634       0.20059027
N       -4.94417293      36.38989958       2.25825582
C       -6.00275715      35.76160937       2.82782167
H       -6.60351956      27.71884585       3.69698079
H       -2.69315728      30.29216946      -0.84185597
H       -1.09739233      31.56807626       0.20394293
H       -1.00159578      31.61054797       1.95509349
H       -3.71993026      30.05129316       4.89862076
H       -5.89646815      30.79784636       5.66503698
H       -6.61633642      29.17884598       5.46784122
H       -6.18986859      29.19825577       7.85800420
H       -3.74008879      27.89496407       7.71282792
H       -5.79938442      26.58484493       8.07131407
H       -7.80056179      34.52533700       5.26146895
H       -5.97325559      35.81915202      -0.85954661
H       -3.99085730      36.98779056      -0.83513659
H       -3.21828454      37.36620031       0.71204684
H       -4.99672573      36.95967757       5.09649069
H       -6.37867203      36.33816967       7.08225178
H       -6.13750710      34.58825477       6.73419449
H       -4.38160003      34.96274421       8.34530602
H       -4.41406554      37.31071890       8.32423832
H       -2.41384626      35.41365610       6.36742090
H       -2.59240383      33.00260400       5.67211443
H       -2.48523864      33.25961439       7.45077033
O       -5.49958494      36.43342444      -8.65075250
C       -4.61276097      37.55477908      -8.92512950
C       -3.65783491      37.76492920      -7.75307940
O       -4.40999294      38.20130551      -6.56600794
C       -2.83171943      36.54940295      -7.26978592
O       -1.67052737      36.42319308      -8.13003321
C       -2.53236983      36.93456837      -5.80393835
C       -3.84018159      37.63276801      -5.37151352
N       -4.85166119      36.70455740      -4.74078377
C       -4.84532379      36.54969850      -3.32859015
O       -3.90527517      37.08080480      -2.66428502
N       -5.84857036      35.83656006      -2.73520859
C       -6.80152844      35.22363059      -3.48845300
N       -7.77316904      34.54015603      -2.84485462
C       -6.77467783      35.29281843      -4.92303732
C       -5.79368533      36.05099136      -5.50223613
P       -0.78193792      34.99606222      -8.16773108
O       -0.27350332      34.84200007      -9.60757117
O       -1.54169983      33.85089789      -7.49475007
O        0.46906158      35.52558336      -7.17719132
C        1.50482671      34.58107530      -6.76090479
C        1.61867648      34.66451093      -5.23567172
O        0.38860790      34.13144360      -4.63052295
C        2.79364168      33.85921799      -4.62366466
O        3.29452774      34.64202192      -3.50120392
C        2.11363805      32.55824072      -4.15877243
C        0.73793177      33.07541951      -3.69987257
N       -0.33787330      32.06373248      -3.70385433
C       -0.93774253      31.68072394      -2.46807038
O       -0.53885726      32.21795197      -1.39483193
N       -1.93502910      30.75050683      -2.48503736
C       -2.34142096      30.18627725      -3.65234277
N       -3.35181617      29.29026703      -3.59513824
C       -1.71876547      30.52281331      -4.90718972
C       -0.73473424      31.47103568      -4.88638429
H       -5.71744743      36.18326461      -6.57924344
H       -7.51013856      34.76779205      -5.53277503
H       -7.82415439      34.52379364      -1.81050328
H       -8.49291011      34.05329971      -3.37723795
H       -3.67797210      38.42975805      -4.63589084
H       -1.70965152      37.66750888      -5.78084359
H       -2.26797794      36.09155572      -5.15535236
H       -3.42626175      35.62569950      -7.32071343
H       -2.96105871      38.57457581      -8.04386827
H       -5.19591761      38.47580131      -9.08824525
H       -4.01459445      37.34728371      -9.83139884
H       -0.25020591      31.84196615      -5.78941951
H       -2.06459643      30.08412132      -5.84364061
H       -3.88109802      29.16426608      -2.71309042
H       -3.77329494      28.95465596      -4.46057699
H        0.77448964      33.47370687      -2.67893887
H        2.66192651      32.04845752      -3.35182769
H        2.00814598      31.86674741      -5.01180374
H        3.60792455      33.68072837      -5.34712062
H        1.70467037      35.72454291      -4.94278136
H        2.45745256      34.88594885      -7.22879379
H        1.26246125      33.55143744      -7.07317484
O       -5.95732184      24.55802132       4.84998250
H       -5.74905688      23.78456682       5.42102714
O       -7.86723745      35.63880647      -8.11328641
P       -7.01198929      36.31515969      -9.38713979
O       -7.54612118      37.71684320      -9.70717081
O       -6.95702937      35.22458222     -10.46192493
H        3.97512237      34.10123000      -3.04219373
H       -8.10921896      36.32849429      -7.45238814
H       -4.75067380      25.84964159       6.80996798
$end

$rem
JOBTYPE         EDA
METHOD          BLYP
BASIS           6-31+g*
PURECART        1111
DFT_D           D3_ZERO
FRGM_METHOD     GIA
FRGM_LPCORR     RS_EXACT_SCF
EDA_BSSE        TRUE
SOLVENT_METHOD  SMD
WRITE_WFN       TRUE
$end