$molecule
-3 1
--
1 1
C       -6.56585292      31.57201334       1.58134512
C       -6.33046392      31.74845534       2.94324805
C       -5.22552828      32.51533642       3.40881551
C       -4.35103444      33.08576805       2.49367065
C       -4.54730478      32.92954910       1.08391790
C       -3.65208700      33.51601033       0.14473263
C       -3.90296516      33.32191759      -1.20418478
N       -3.21091975      33.77094948      -2.32488420
C       -3.82485762      33.28480515      -3.48383938
C       -3.43490490      33.45311136      -4.82276182
C       -4.20568332      32.81873445      -5.80987280
C       -5.33286064      32.02061350      -5.47223004
C       -5.72008489      31.84360259      -4.13622037
C       -4.97706530      32.49185473      -3.11279772
C       -5.03632340      32.54522391      -1.66716691
N       -5.93099972      32.04304059      -0.75761323
C       -5.69756672      32.17216069       0.62696972
C       -7.17797865      31.37393950      -1.24398171
H       -7.39702745      30.94790459       1.26451458
H       -7.00799399      31.28371742       3.65998882
H       -5.06634776      32.66616002       4.47554501
H       -3.51661962      33.69534243       2.83876046
H       -2.80436379      34.10535956       0.49181506
H       -2.36167125      34.32733142      -2.29826660
H       -2.53684898      34.00192553      -5.09547987
H       -3.90052115      32.92389832      -6.85094144
H       -5.89738407      31.52513258      -6.26434273
H       -6.56181845      31.19526438      -3.90262684
H       -7.99413482      31.57845799      -0.54500706
H       -7.45273904      31.81049932      -2.20699192
H       -6.99631815      30.29335419      -1.33787129
--
-4 1
P       -7.31167776      25.37478360       5.47363997
O       -8.00900280      24.50324064       6.65628692
O       -8.13170299      25.93330725       4.18713583
O       -6.53107490      26.84686469       6.12110369
C       -5.38880561      26.68488246       7.05884809
C       -4.53805284      27.95703766       7.00465961
O       -3.90056390      28.08341879       5.64879058
C       -5.31681930      29.27667733       7.21631676
O       -4.33243575      30.21171172       7.85450466
C       -5.69424229      29.71532494       5.78762060
C       -4.48031953      29.27143200       4.94377283
N       -4.79080744      28.91888794       3.55673646
C       -5.89026168      28.18062755       3.04899213
N       -5.88269080      28.12009856       1.70850343
C       -4.72860957      28.83783446       1.31190386
C       -4.25286019      29.19232411       0.01073297
O       -4.78401856      28.88357150      -1.12415525
N       -3.08647437      30.00086329       0.05451975
C       -2.46155742      30.42608787       1.23337319
N       -1.37645154      31.23153143       1.11490815
N       -2.91383778      30.09056942       2.47143321
C       -4.03908093      29.32407678       2.44695252
P       -4.83673523      31.91128396       8.13703081
O       -3.89320756      32.46182063       9.34058060
O       -6.45820642      32.02653318       8.13549367
O       -4.31044581      32.63257980       6.57179826
C       -3.05392600      33.42971838       6.53330915
C       -3.34728455      34.92224974       6.37054694
O       -3.98589947      35.14592488       5.02470296
C       -4.32135234      35.53709394       7.40756275
O       -3.81769847      36.91046688       7.66559934
C       -5.68155178      35.56544774       6.67077575
C       -5.25721579      35.91605492       5.23192153
N       -6.20702432      35.54710536       4.18521085
C       -7.41791728      34.82280929       4.29970251
N       -7.99162347      34.59362152       3.11129348
C       -7.11959823      35.17751575       2.16512295
C       -7.14454122      35.14909158       0.73371094
O       -8.01709219      34.57136644      -0.01553194
N       -6.03596198      35.82019468       0.15342926
C       -4.99698939      36.41150258       0.88105653
N       -3.98992631      36.99120273       0.18001623
N       -4.95065990      36.40607815       2.24224326
C       -6.01566562      35.77797411       2.81680187
H       -6.62375271      27.70867270       3.69394074
H       -2.68138036      30.29778422      -0.87846422
H       -1.05424044      31.59785903       0.19952153
H       -0.95171512      31.57920919       1.97050714
H       -3.70916843      30.05389044       4.89961962
H       -5.87577699      30.79205387       5.71294206
H       -6.59902662      29.17312910       5.48404188
H       -6.19172852      29.16211670       7.87250144
H       -3.72531010      27.87126595       7.74401596
H       -5.76510867      26.52691813       8.08494643
H       -7.81712081      34.51412533       5.25780942
H       -5.97159453      35.80871333      -0.90367943
H       -3.95769523      37.00531107      -0.85793775
H       -3.22075812      37.39605664       0.70744053
H       -5.02062816      36.98661247       5.12630539
H       -6.38239619      36.29434355       7.10347659
H       -6.12207797      34.55766315       6.71769550
H       -4.35990385      34.95818892       8.34410860
H       -4.42676067      37.35491958       8.30939051
H       -2.39341103      35.47766133       6.39328176
H       -2.48536663      33.06671917       5.66362589
H       -2.46887595      33.26793126       7.45349151
O       -5.44843277      36.39612067      -8.62894269
C       -4.60645880      37.58719958      -8.92356282
C       -3.65535782      37.82157897      -7.75943400
O       -4.43291741      38.25641317      -6.54269705
C       -2.83136419      36.60605370      -7.28019034
O       -1.63170564      36.53804820      -8.13942434
C       -2.53778135      36.95322315      -5.79887052
C       -3.84105455      37.64683600      -5.33464708
N       -4.85746212      36.70825170      -4.72618650
C       -4.85035085      36.54262103      -3.30805334
O       -3.88786052      37.07292049      -2.63567659
N       -5.86360386      35.82470732      -2.71678366
C       -6.82403669      35.20728171      -3.48357256
N       -7.79732670      34.52306064      -2.83972862
C       -6.78567046      35.29501917      -4.92080800
C       -5.80815866      36.06594800      -5.50148040
P       -0.77360139      34.96641846      -8.22350558
O       -0.33189327      34.73626205      -9.77059834
O       -1.58571520      33.81028161      -7.41078775
O        0.60060329      35.57207612      -7.25320794
C        1.59496996      34.56862803      -6.76842109
C        1.66472637      34.67367611      -5.24548461
O        0.38219779      34.13704102      -4.65068623
C        2.81137141      33.84872183      -4.60508972
O        3.27575230      34.63803445      -3.43965307
C        2.11734453      32.54476652      -4.15451645
C        0.73928083      33.05341934      -3.68573010
N       -0.33658040      32.04203762      -3.69579165
C       -0.94663220      31.66898484      -2.45278397
O       -0.53890508      32.22376044      -1.36746191
N       -1.95304829      30.73616495      -2.46856866
C       -2.37342741      30.17042142      -3.64813363
N       -3.40771392      29.30492772      -3.59021950
C       -1.74157372      30.51233773      -4.90190451
C       -0.74856512      31.45636513      -4.88748830
H       -5.74197483      36.21488222      -6.57808984
H       -7.51886065      34.77978225      -5.53754534
H       -7.84656428      34.50767122      -1.80252213
H       -8.51986316      34.04257438      -3.37054594
H       -3.67045567      38.42723417      -4.58461199
H       -1.70651164      37.67606623      -5.76731236
H       -2.27906804      36.08873687      -5.17784777
H       -3.40940835      35.67492389      -7.36754316
H       -2.96125303      38.63818246      -8.02997074
H       -5.24226871      38.47132715      -9.08476233
H       -4.00783590      37.39965344      -9.83224952
H       -0.28311526      31.84309459      -5.79179253
H       -2.09573571      30.08263377      -5.83663547
H       -3.91111207      29.14437319      -2.69575956
H       -3.78734402      28.90694617      -4.44578100
H        0.77790468      33.46358565      -2.67068843
H        2.66619827      32.02610523      -3.35502294
H        2.00478976      31.86013687      -5.01152823
H        3.64514219      33.66868945      -5.30509216
H        1.75320206      35.73000479      -4.94748335
H        2.56882490      34.83049003      -7.21315185
H        1.31828466      33.54521084      -7.06924091
O       -5.85785971      24.51136286       4.88674926
H       -5.74619799      23.66330379       5.39337307
O       -7.92769045      35.60631626      -8.02341999
P       -7.06241264      36.28815689      -9.42684348
O       -7.60477773      37.78380578      -9.77467242
O       -7.02639929      35.10015855     -10.53132226
H        3.96884465      34.11317871      -2.96312625
H       -8.17154586      36.32352503      -7.37956503
H       -4.77383463      25.82207764       6.75651690
$end

$rem
JOBTYPE         EDA
METHOD          BLYP
BASIS           6-31g
PURECART        1111
DFT_D           D3_ZERO
FRGM_METHOD     GIA
FRGM_LPCORR     RS_EXACT_SCF
EDA_BSSE        TRUE
SOLVENT_METHOD  SMD
WRITE_WFN       TRUE
$end